0.656480595469
0.674459148667
0.337843284011
0.153499999415
0.173863610800
-0.972732848741
-0.656480595469
0.674459148667
-0.337843284011
-0.153499999415
0.173863610800
0.972732848741
0.809980594885
0.579590931755
-0.089475067684
-0.263338678484
0.917434215766
-0.298273700073
-0.393141916985
0.511706894811
0.763934216351
0.763934216351
-0.393141916985
0.511706894811
-0.917434215766
-0.298273700073
0.263338678484
0.511706894811
0.763934216351
-0.393141916985
-0.089475067684
0.809980594885
0.579590931755
-0.337843284011
-0.656480595469
0.674459148667
0.972732848741
-0.153499999415
0.173863610800
0.337843284011
0.656480595469
0.674459148667
-0.298273700073
-0.263338678484
0.917434215766
0.298273700073
0.263338678484
0.917434215766
-0.173863610800
0.972732848741
0.153499999415
-0.579590931755
-0.089475067684
-0.809980594885
-0.674459148667
-0.337843284011
0.656480595469
-0.511706894811
0.763934216351
0.393141916985
-0.674459148667
0.337843284011
-0.656480595469
-0.173863610800
-0.972732848741
-0.153499999415
0.579590931755
-0.089475067684
0.809980594885
0.674459148667
-0.337843284011
-0.656480595469
0.173863610800
0.972732848741
-0.153499999415
0.674459148667
0.337843284011
0.656480595469
0.917434215766
-0.298273700073
-0.263338678484
-0.298273700073
0.263338678484
-0.917434215766
0.173863610800
-0.972732848741
0.153499999415
-0.972732848741
0.153499999415
0.173863610800
0.089475067684
-0.809980594885
0.579590931755
-0.763934216351
0.393141916985
0.511706894811
-0.511706894811
-0.763934216351
-0.393141916985
0.393141916985
-0.511706894811
0.763934216351
-0.579590931755
0.089475067684
0.809980594885
0.263338678484
-0.917434215766
-0.298273700073
0.917434215766
0.298273700073
0.263338678484
0.153499999415
-0.173863610800
0.972732848741
0.579590931755
0.089475067684
-0.809980594885
-0.809980594885
-0.579590931755
-0.089475067684
0.511706894811
-0.763934216351
0.393141916985
-0.393141916985
-0.511706894811
-0.763934216351
0.393141916985
0.511706894811
-0.763934216351
-0.763934216351
-0.393141916985
-0.511706894811
-0.809980594885
0.579590931755
0.089475067684
0.089475067684
0.809980594885
-0.579590931755
0.337843284011
-0.656480595469
-0.674459148667
-0.972732848741
-0.153499999415
-0.173863610800
-0.337843284011
0.656480595469
-0.674459148667
0.972732848741
0.153499999415
-0.173863610800
-0.089475067684
-0.809980594885
-0.579590931755
0.763934216351
0.393141916985
-0.511706894811
-0.917434215766
0.298273700073
-0.263338678484
0.298273700073
-0.263338678484
-0.917434215766
0.656480595469
-0.674459148667
-0.337843284011
-0.656480595469
-0.674459148667
0.337843284011
-0.263338678484
-0.917434215766
0.298273700073
0.263338678484
0.917434215766
0.298273700073
-0.153499999415
-0.173863610800
-0.972732848741
0.809980594885
-0.579590931755
0.089475067684
